0.3945908 0.5610336 0.5970701 0.5637146 0.4968836 0.6978683 0.9563563 1 0.9499724 0.8345164 0.3877556 0.5315803 0.6083452 0.6609316
0.3683982 0.5509884 0.5963209 0.5588434 0.4822216 0.6842902 0.9489473 1 0.9476089 0.8308387 0.3824835 0.4923585 0.5206982 0.533865
0.3765134 0.5666978 0.5998069 0.5600497 0.4847543 0.6898426 0.9640034 1 0.9453725 0.8288183 0.4183533 0.5215433 0.5665858 0.6004702
0.406962 0.5663941 0.5972651 0.5568523 0.4904381 0.7068518 0.962432 1 0.9452954 0.8319085 0.3985716 0.5221533 0.5856278 0.6464905
0.3952118 0.5164176 0.5961376 0.5641251 0.4948432 0.7106639 0.9046409 1 0.9519241 0.8372356 0.2871555 0.4854579 0.5601831 0.6112253
0.3883033 0.5709592 0.5985547 0.5499628 0.462077 0.6972207 0.9684108 1 0.9358615 0.8074593 0.4018326 0.4987432 0.5259481 0.5412467
0.3939724 0.56528 0.5987253 0.5661166 0.494561 0.7047593 0.962449 1 0.9515104 0.8343208 0.3796474 0.497739 0.5713878 0.6268264
0.3836731 0.5580934 0.597769 0.5616578 0.4902655 0.697751 0.9549995 1 0.9483721 0.8333697 0.3743031 0.4992693 0.5570498 0.6013069
0.4108967 0.5350812 0.5807023 0.5558561 0.4969753 0.7239934 0.944499 1 0.9596907 0.8514072 0.3406639 0.472905 0.5540838 0.6178395
0.3924879 0.5418009 0.5863587 0.5456195 0.4672956 0.7214113 0.9481808 1 0.9426224 0.823814 0.3112768 0.4259034 0.469696 0.5066559
0.3897352 0.5325523 0.5930787 0.556266 0.4874139 0.7164344 0.927184 1 0.9491981 0.8400102 0.2862519 0.4384152 0.4981921 0.5539479
0.4061479 0.5627322 0.5996231 0.5640321 0.4948716 0.7069515 0.9571224 1 0.9480605 0.8316336 0.3882578 0.5299201 0.6068769 0.6664265
0.404941 0.5498621 0.6060252 0.5734487 0.5005626 0.7004595 0.9377131 1 0.9489508 0.8281789 0.3771754 0.549939 0.633827 0.6875214
0.4123048 0.5574054 0.5879756 0.5561848 0.4981888 0.7110959 0.9641136 1 0.9505354 0.8414921 0.4233112 0.5294978 0.5910337 0.651929
0.4126125 0.5588379 0.6000772 0.5685591 0.4992252 0.7058637 0.9555123 1 0.949779 0.8310528 0.4212053 0.5627059 0.6379702 0.688548
0.4216892 0.563739 0.5994732 0.5654137 0.502297 0.7090096 0.958128 1 0.9479597 0.8312238 0.4186254 0.5660159 0.6475715 0.7138331
0.4276914 0.565973 0.5970977 0.5673651 0.5018696 0.7195834 0.9627869 1 0.951767 0.8332093 0.4070482 0.5549784 0.6535521 0.722724
0.3956351 0.5652805 0.5969974 0.5578154 0.4904888 0.715698 0.9659855 1 0.943431 0.8320327 0.3705997 0.4909287 0.559876 0.6245899
0.3889914 0.5622499 0.6008068 0.5642267 0.490973 0.6976352 0.958258 1 0.9466913 0.8277273 0.3972022 0.520045 0.5764822 0.6208993
0.3798649 0.5403653 0.5828117 0.5182302 0.4690726 0.6980233 0.9543784 1 0.9118804 0.8184675 0.4056703 0.4775752 0.4467118 0.5208958
0.3973936 0.5455435 0.5918366 0.5585952 0.4873861 0.7107914 0.9488018 1 0.9496108 0.8315223 0.372759 0.514489 0.5740175 0.6205243
0.3904636 0.5604928 0.6012996 0.5643955 0.4912252 0.6979216 0.9559425 1 0.9467258 0.8263013 0.4006125 0.5338227 0.5972258 0.6490238
0.3749343 0.5529267 0.5983049 0.5630102 0.4829249 0.6974257 0.9489813 1 0.9510479 0.8314624 0.3478823 0.4712803 0.5298166 0.5637988
0.3864636 0.5185861 0.5865547 0.5553341 0.4916138 0.7081465 0.9156092 1 0.9544873 0.8433979 0.290839 0.4568595 0.5115112 0.557915
0.3737486 0.522324 0.5869952 0.558128 0.4926999 0.7014604 0.9281574 1 0.9554122 0.8419563 0.3227571 0.4551442 0.5181656 0.5688724
0.4055739 0.5638543 0.6044853 0.5692413 0.4978166 0.7031808 0.9560465 1 0.9466012 0.8266615 0.402496 0.5525356 0.6303495 0.6888192
0.4393271 0.5688895 0.6009955 0.5711931 0.5088348 0.7155302 0.9625179 1 0.9500499 0.8324018 0.44126 0.5991717 0.7027376 0.7771545
0.4337901 0.5680637 0.5975136 0.5640251 0.5009962 0.7184204 0.9643664 1 0.9485895 0.8335618 0.4271988 0.5745162 0.6735629 0.7479621
0.3633225 0.5566158 0.601277 0.5646514 0.4887888 0.6721181 0.9475183 1 0.9490424 0.8315394 0.3848896 0.4952592 0.5280006 0.5394018
0.3671723 0.5357267 0.5932454 0.5536375 0.4883466 0.6781702 0.9321185 1 0.94449 0.831558 0.365577 0.483651 0.4951358 0.5198929
0.4195379 0.433036 0.5844176 0.5661333 0.5062184 0.7212448 0.8078376 1 0.9663274 0.8547654 0.1886274 0.501614 0.6085608 0.6632038
0.4010058 0.5593996 0.5990444 0.5665706 0.4967417 0.704375 0.9542716 1 0.9501514 0.8326291 0.3875048 0.531732 0.6052603 0.6549667
0.4128327 0.5625812 0.5987616 0.5603253 0.4906302 0.7085475 0.958656 1 0.9452098 0.8273731 0.4109293 0.550529 0.6192498 0.676123
0.4301142 0.5798815 0.5958431 0.5589659 0.4655885 0.7247662 0.9759105 1 0.9447171 0.7979758 0.3979575 0.5205602 0.5955595 0.6102524
0.4196551 0.5687553 0.6028777 0.5663289 0.4851952 0.7119603 0.9644278 1 0.946805 0.8208268 0.4388881 0.5586233 0.6237828 0.6663414
0.3902051 0.5684816 0.6033548 0.5668852 0.4912191 0.6962264 0.9612317 1 0.9482939 0.8280417 0.4141473 0.5319838 0.5873913 0.6285008
0.3908583 0.5608037 0.597082 0.5605448 0.4921246 0.6930394 0.9595385 1 0.9456619 0.8257041 0.464018 0.5569054 0.5952781 0.6261637
0.4045495 0.5402983 0.5940108 0.5585927 0.4944156 0.7006912 0.9416379 1 0.9457955 0.8286318 0.4111098 0.5554011 0.6014691 0.6403003
0.4057807 0.5778954 0.5805169 0.5033558 0.4390143 0.7273255 0.9994481 1 0.8866536 0.77099 0.4413753 0.4714916 0.4581338 0.5178615
0.3857977 0.5651687 0.5983272 0.5591094 0.4829156 0.7035108 0.9642678 1 0.9445339 0.8237475 0.3903813 0.504665 0.5566276 0.599494
0.4106534 0.5666758 0.6032816 0.5663919 0.4903846 0.6993083 0.9588967 1 0.9488608 0.8287894 0.4314179 0.5594152 0.6291616 0.6803004
0.4312895 0.5583475 0.599183 0.5657883 0.5058573 0.7164035 0.9519729 1 0.9498635 0.8396669 0.4008011 0.5518426 0.6468091 0.7204252
0.4450819 0.5561443 0.5942384 0.5622971 0.4943774 0.7326944 0.9571664 1 0.9513619 0.835116 0.3998583 0.5316155 0.6196114 0.6808089
0.4377409 0.5394018 0.5919346 0.5473143 0.4843092 0.7380968 0.9333473 1 0.9405891 0.8346221 0.3042792 0.443865 0.5062158 0.5702006
0.3797671 0.5619982 0.5915198 0.5539674 0.4725359 0.7193859 0.9726558 1 0.9508134 0.8381695 0.3490905 0.4177937 0.4725808 0.521861
0.3615915 0.5282915 0.5890809 0.5554199 0.4792339 0.6944039 0.9256741 1 0.9565139 0.8415168 0.288259 0.3959925 0.4305381 0.4492741
0.3605874 0.427182 0.5837049 0.5369164 0.4751431 0.6802753 0.8097688 1 0.9403673 0.8354187 0.2346756 0.433548 0.3997625 0.4128408
0.3766587 0.5547445 0.5920882 0.5540973 0.4756173 0.7100784 0.9570625 1 0.9485543 0.8311545 0.3199245 0.4157318 0.4628222 0.502932
0.3947553 0.5609018 0.5991523 0.5617909 0.4823962 0.6971478 0.9591722 1 0.9480806 0.8270209 0.4185135 0.5290455 0.5875993 0.6246116
0.407271 0.5616691 0.6000069 0.5595859 0.4872179 0.7056792 0.9584708 1 0.943489 0.8256477 0.4155579 0.5483037 0.6204327 0.6758128
0.4246095 0.5662389 0.5976564 0.5584263 0.4965501 0.7201346 0.9630135 1 0.9443517 0.8322645 0.4059751 0.5439274 0.6344119 0.7128881
0.3955182 0.5513623 0.600632 0.5696451 0.5016248 0.7040752 0.9479749 1 0.9500875 0.833599 0.3869641 0.5414989 0.6255435 0.6848046
0.3955116 0.5581479 0.6006982 0.5660186 0.4936424 0.7022679 0.9549283 1 0.9484059 0.8300053 0.3970074 0.5324405 0.594586 0.6436817
0.3954987 0.545309 0.5867324 0.5427825 0.4722609 0.7239475 0.951295 1 0.9391235 0.8243777 0.3187841 0.4389375 0.4877811 0.5455381
0.3566648 0.5539967 0.5924802 0.5473517 0.4348275 0.6930212 0.9572166 1 0.9389548 0.7887886 0.3417013 0.435342 0.4518006 0.4264258
0.3477962 0.5525382 0.5977948 0.5580038 0.4728177 0.6906505 0.953289 1 0.946495 0.8279691 0.3418677 0.4482228 0.4909113 0.5181205
0.3698606 0.5550123 0.6030617 0.565806 0.4887291 0.6913485 0.9503294 1 0.947639 0.8311513 0.3915761 0.5159138 0.5827234 0.6287314
0.4042948 0.5634586 0.5994974 0.5646752 0.4870752 0.7109428 0.9595688 1 0.9472061 0.825806 0.3779252 0.4849698 0.5420878 0.5677498
0.4015334 0.5588334 0.59753 0.5680012 0.5048296 0.7085516 0.9535627 1 0.9549261 0.845331 0.4349539 0.5594646 0.6454338 0.7095765
0.3918797 0.5571201 0.6035791 0.5670752 0.4955379 0.7042638 0.949375 1 0.9471973 0.8311735 0.3707661 0.5127848 0.5896773 0.6471691
0.3808268 0.5568711 0.601715 0.561767 0.480591 0.6887121 0.9506164 1 0.9470049 0.8250819 0.3856106 0.502574 0.5457824 0.5780784
0.3740589 0.558253 0.5861527 0.514424 0.4156523 0.6967132 0.9678754 1 0.9061385 0.7556309 0.406775 0.4793402 0.4366322 0.4345364
0.3959442 0.5470619 0.5859559 0.5443026 0.4686339 0.7014797 0.9564332 1 0.9407852 0.8143614 0.4100304 0.5059223 0.5004191 0.5210434
0.4056883 0.5416729 0.5831901 0.5445495 0.4596162 0.7241153 0.9523115 1 0.9430531 0.8080202 0.3609196 0.4756759 0.5145485 0.539959
0.3798254 0.5648845 0.5902963 0.5184534 0.4160214 0.7027604 0.9700127 1 0.9050074 0.7493735 0.3857764 0.4681247 0.4445882 0.4496601
0.3904489 0.5654727 0.5936328 0.5438909 0.4569321 0.715582 0.9705245 1 0.9307148 0.8004031 0.3711742 0.4733867 0.5120237 0.5445443
0.4152161 0.5636079 0.5954208 0.5489221 0.4461162 0.7212093 0.9645231 1 0.9357776 0.7865106 0.3930492 0.5046241 0.5419823 0.5441332
0.4102364 0.5607414 0.5972365 0.550948 0.4652571 0.7166803 0.9574158 1 0.9378847 0.807973 0.3733758 0.4959157 0.5360705 0.5642396
0.4235691 0.5591115 0.5930411 0.5537533 0.4883149 0.732528 0.9615905 1 0.9449165 0.8363553 0.3885724 0.5174054 0.6028984 0.6760705
0.4329259 0.5647172 0.5951126 0.5601993 0.4971492 0.7281455 0.9664488 1 0.947832 0.8394318 0.4344091 0.5653481 0.659043 0.7296625
0.4209029 0.560304 0.5938978 0.5517302 0.4670555 0.7340063 0.9622539 1 0.9431485 0.8193531 0.371888 0.4878075 0.5615113 0.6048364
0.3705705 0.5392697 0.5889208 0.5357302 0.4696638 0.6862768 0.9414496 1 0.9298344 0.8206891 0.360186 0.4592759 0.4388924 0.4699849
0.3678653 0.5687162 0.5992795 0.5523648 0.5060266 0.658233 0.9689205 1 0.9364524 0.8407759 0.5075588 0.5252144 0.4610679 0.5348302
0.4191548 0.5639728 0.5648067 0.5275623 0.4957566 0.7518952 1 0.9942682 0.9438669 0.8680511 0.406204 0.4073584 0.4793888 0.6029115
0.380424 0.5269251 0.5929636 0.5579045 0.479854 0.6996467 0.9252329 1 0.9485729 0.8257974 0.3238545 0.488271 0.5404406 0.5769118
0.4098427 0.5669184 0.5969035 0.5541281 0.4759378 0.7193434 0.9676254 1 0.9392423 0.8147151 0.3955549 0.5196084 0.5801804 0.6323903
0.4449884 0.5710938 0.5891622 0.5467042 0.4647114 0.7498919 0.9798656 1 0.938192 0.8093743 0.4004787 0.5033586 0.574435 0.6245813
0.4443059 0.5688038 0.5930384 0.5557172 0.4887803 0.7350458 0.9715217 1 0.9454014 0.829887 0.4272815 0.5565723 0.6474085 0.7202178
0.3966922 0.5566306 0.5918047 0.556542 0.4762671 0.7244933 0.95841 1 0.9505852 0.8293553 0.3272071 0.4409972 0.5113109 0.556169
0.406881 0.5639819 0.5813881 0.534865 0.4567456 0.7397457 0.9821557 1 0.9369364 0.820213 0.3640717 0.4337662 0.4777595 0.5334255
0.399376 0.5589197 0.5984266 0.5695475 0.5009315 0.704868 0.9580159 1 0.9528683 0.8360683 0.4055067 0.5433497 0.6296722 0.6882778
0.4257855 0.5721231 0.6042882 0.5653085 0.4934942 0.7151502 0.9668438 1 0.9433304 0.8217523 0.467711 0.5933098 0.6576674 0.7108964
0.4262199 0.5625353 0.5954254 0.5535821 0.4828769 0.7224434 0.9627416 1 0.9422376 0.824394 0.4096709 0.5472647 0.6159945 0.6825603
0.4205311 0.5702344 0.6003293 0.5542064 0.4740162 0.7115704 0.9668918 1 0.9392525 0.8142685 0.445756 0.5647367 0.6100197 0.6544288
0.4393701 0.573063 0.5977973 0.5576961 0.4870462 0.7236067 0.9713574 1 0.9422524 0.8189273 0.4568214 0.5903115 0.6636308 0.723895
0.4240151 0.570419 0.595799 0.5577767 0.4722191 0.7263844 0.972065 1 0.9451635 0.8161203 0.4181118 0.5335085 0.6093155 0.6530007
0.4214119 0.5725712 0.594065 0.5508323 0.4705589 0.7318851 0.97716 1 0.9399616 0.817522 0.4051635 0.513384 0.5814275 0.636029
0.3769647 0.562022 0.5903246 0.551523 0.4745638 0.7118598 0.9682822 1 0.945878 0.8267981 0.3546946 0.4480999 0.5047507 0.5530683
0.3690903 0.5481355 0.5967647 0.5625696 0.4865709 0.6940225 0.9444125 1 0.952267 0.8352184 0.3392353 0.4682971 0.527409 0.5674343
0.3720643 0.5596215 0.5920382 0.55312 0.4732465 0.7036929 0.9632713 1 0.9470815 0.8286278 0.3518783 0.4445908 0.4897637 0.5235127
0.3382546 0.5454512 0.5967555 0.5557737 0.4728334 0.6840175 0.9425125 1 0.9459521 0.828213 0.306766 0.4228585 0.457127 0.4806318
0.4385901 0.5758787 0.5773122 0.5116329 0.4018401 0.7794805 1 0.9980673 0.9066413 0.7483382 0.3305044 0.3891627 0.4265234 0.4663499
0.4154692 0.5809568 0.5867268 0.5439671 0.4831215 0.7513671 0.9976792 1 0.939801 0.838763 0.379816 0.4707566 0.5458604 0.6285457
0.3647941 0.5564629 0.601915 0.5613727 0.476075 0.6902906 0.9502885 1 0.9455887 0.8198165 0.3554494 0.4803561 0.5257937 0.5551732
0.3800163 0.5623308 0.6015529 0.556177 0.4731925 0.6997707 0.9580672 1 0.9410431 0.817843 0.3830932 0.4990136 0.5407767 0.5774179
0.3820527 0.5637286 0.599137 0.557147 0.4685251 0.7052236 0.9601854 1 0.9429281 0.8137461 0.356782 0.4693158 0.520695 0.5487393
0.4100195 0.566132 0.5953032 0.5531829 0.4756289 0.7273013 0.9715621 1 0.9409879 0.8249157 0.4038185 0.5142946 0.5808128 0.6335912
0.3720371 0.5574555 0.601732 0.5568516 0.4724112 0.6938195 0.9508622 1 0.9418867 0.8190081 0.3523294 0.4721567 0.5138323 0.5477598
0.3746704 0.5531082 0.6000011 0.5588102 0.475419 0.6924444 0.9470669 1 0.945133 0.8210081 0.3596277 0.4869398 0.5286793 0.5544863
0.4083652 0.564134 0.5938571 0.5498165 0.4594184 0.730913 0.9677185 1 0.9396991 0.8105593 0.3577381 0.4606929 0.5148339 0.5493319
